results:
  acc: 0.5709728867623605
  auc: 0.49078032073067124
  f1: 0.7025433099889421
  precision: 0.6204427083333334
  recall: 0.8096856414613424
