results:
  acc: 0.7704991087344029
  auc: 0.7933065269143738
  f1: 0.5579399141630901
  precision: 0.42062122519413286
  recall: 0.8283772302463891
