results:
  acc: 0.5869218500797448
  auc: 0.5146559048428208
  f1: 0.7084427767354595
  precision: 0.6344086021505376
  recall: 0.8020390824129142
